[gd_scene load_steps=42 format=3 uid="uid://badnxki570tc"]

[ext_resource type="Script" path="res://game.gd" id="1_2w1u3"]
[ext_resource type="PackedScene" uid="uid://cdv34fi2enh62" path="res://player/player.tscn" id="1_5mu6h"]
[ext_resource type="Script" path="res://HUD/hud.gd" id="4_xq8bf"]
[ext_resource type="Texture2D" uid="uid://ddq6xcpknuv0s" path="res://HUD/sprites_base/Bouton_Rejouer_off.png" id="6_d1610"]
[ext_resource type="PackedScene" uid="uid://bluf6kij3h0ms" path="res://buildings/Saloon angle_V3.glb" id="6_mgv3q"]
[ext_resource type="PackedScene" uid="uid://ccv3f0r1hmvsd" path="res://buildings/Sheriff angle_V3.glb" id="7_ikmb5"]
[ext_resource type="Texture2D" uid="uid://bb73pmk4ydkur" path="res://HUD/sprites_base/Bouton_Rejouer_on.png" id="7_ykf1x"]
[ext_resource type="Texture2D" uid="uid://cbmyy48cl3icj" path="res://HUD/sprites_base/Bouton_Quitter_off.png" id="8_dr3a3"]
[ext_resource type="PackedScene" uid="uid://imctakbe5yfg" path="res://props/Baril.glb" id="8_weuv8"]
[ext_resource type="PackedScene" uid="uid://celt4jlqrb24g" path="res://props/Citerne.glb" id="9_0klpp"]
[ext_resource type="Texture2D" uid="uid://c10yfmol3rk42" path="res://HUD/sprites_base/Bouton_Quitter_on.png" id="9_x5lbw"]
[ext_resource type="PackedScene" uid="uid://b3m37u8afn4cn" path="res://props/Banc.glb" id="10_5km4y"]
[ext_resource type="Shader" path="res://sky/sky.gdshader" id="10_owalm"]
[ext_resource type="Texture2D" uid="uid://cjudqkgstnveu" path="res://GroundSand005 1K/GroundSand005_COL_1K.jpg" id="10_s1uc7"]
[ext_resource type="Texture2D" uid="uid://c5upos844cqy1" path="res://GroundSand005 1K/GroundSand005_NRM_1K.jpg" id="11_0nboh"]
[ext_resource type="Texture2D" uid="uid://nxkroddmt56b" path="res://GroundSand005 1K/GroundSand005_AO_1K.jpg" id="11_bockq"]
[ext_resource type="PackedScene" uid="uid://ci4tcog5vg8yy" path="res://props/Abreuvoir.glb" id="15_rw6rl"]
[ext_resource type="PackedScene" uid="uid://cx1th3njwvy5o" path="res://props/Cactus big.glb" id="16_ss12r"]
[ext_resource type="PackedScene" uid="uid://calu5cbxik1cx" path="res://props/Lampadaire.glb" id="17_qg6bh"]
[ext_resource type="VoxelGIData" uid="uid://c2334n443ne8a" path="res://game.VoxelGI_data.res" id="23_icd5q"]

[sub_resource type="FastNoiseLite" id="FastNoiseLite_8m2ju"]

[sub_resource type="NoiseTexture2D" id="NoiseTexture2D_2dqd4"]
noise = SubResource("FastNoiseLite_8m2ju")

[sub_resource type="ShaderMaterial" id="ShaderMaterial_qtde4"]
shader = ExtResource("10_owalm")
shader_parameter/top_color = Color(0.164706, 0.541176, 0.823529, 1)
shader_parameter/bottom_color = Color(0.215686, 0.109804, 0.0196078, 1)
shader_parameter/sun_scatter = Color(0.529412, 0.8, 1, 1)
shader_parameter/star_stength = 0.0
shader_parameter/clouds_sampler = SubResource("NoiseTexture2D_2dqd4")

[sub_resource type="Sky" id="Sky_bt6md"]
sky_material = SubResource("ShaderMaterial_qtde4")

[sub_resource type="Environment" id="Environment_lfnns"]
background_mode = 2
sky = SubResource("Sky_bt6md")
fog_mode = 1
fog_light_energy = 1.5
fog_density = 1.0
fog_sky_affect = 0.4
fog_height = -1024.0
volumetric_fog_detail_spread = 0.5

[sub_resource type="StandardMaterial3D" id="StandardMaterial3D_x7gtf"]
albedo_texture = ExtResource("10_s1uc7")
normal_enabled = true
normal_texture = ExtResource("11_0nboh")
ao_enabled = true
ao_texture = ExtResource("11_bockq")
uv1_triplanar = true

[sub_resource type="BoxShape3D" id="BoxShape3D_jai36"]
size = Vector3(9.74805, 5.53406, 1)

[sub_resource type="BoxShape3D" id="BoxShape3D_ilncn"]
size = Vector3(1.49219, 5.53406, 1)

[sub_resource type="NavigationMesh" id="NavigationMesh_vc7qx"]
vertices = PackedVector3Array(-3.21603, 0.5, -53.2027, -3.21603, 0.5, -4.20266, 3.03397, 0.5, -4.20266, 3.03397, 0.5, -53.2027, -53.216, 0.5, -3.20266, -53.216, 0.5, 3.04734, -4.21603, 0.5, 3.04734, -4.21603, 0.5, -3.20266, 4.03397, 0.5, -3.20266, 4.03397, 0.5, 3.04734, 53.284, 0.5, 3.04734, 53.284, 0.5, -3.20266, -3.21603, 0.5, 4.04734, -3.21603, 0.5, 53.2973, 3.03397, 0.5, 53.2973, 3.03397, 0.5, 4.04734)
polygons = [PackedInt32Array(3, 2, 0), PackedInt32Array(0, 2, 1), PackedInt32Array(7, 6, 4), PackedInt32Array(4, 6, 5), PackedInt32Array(11, 10, 8), PackedInt32Array(8, 10, 9), PackedInt32Array(15, 14, 12), PackedInt32Array(12, 14, 13)]

[sub_resource type="BoxMesh" id="BoxMesh_4dexy"]
size = Vector3(7, 1, 50)

[sub_resource type="BoxMesh" id="BoxMesh_ve356"]
size = Vector3(7, 1, 50)

[sub_resource type="BoxMesh" id="BoxMesh_r1uqa"]
size = Vector3(7, 1, 50)

[sub_resource type="BoxMesh" id="BoxMesh_e7t7u"]
size = Vector3(7, 1, 50)

[sub_resource type="NavigationMesh" id="NavigationMesh_xml3w"]
vertices = PackedVector3Array(-4, 0.5, -4, -4, 0.5, 4, 4, 0.5, 4, 4, 0.5, -4)
polygons = [PackedInt32Array(3, 2, 0), PackedInt32Array(0, 2, 1)]

[sub_resource type="BoxMesh" id="BoxMesh_phre8"]
size = Vector3(9, 1, 9)

[sub_resource type="NavigationMesh" id="NavigationMesh_0waf0"]
vertices = PackedVector3Array(-3.03766, 0.5, -59.2921, -3.03766, 0.5, -53.2921, 3.21234, 0.5, -53.2921, 3.21234, 0.5, -59.2921, -59.2877, 0.5, -3.04213, -59.2877, 0.5, 3.20787, -53.2877, 0.5, 3.20787, -53.2877, 0.5, -3.04213, 53.2123, 0.5, -3.04213, 53.2123, 0.5, 3.20787, 59.2123, 0.5, 3.20787, 59.2123, 0.5, -3.04213, -3.03766, 0.5, 53.2079, -3.03766, 0.5, 59.2079, 3.21234, 0.5, 59.2079, 3.21234, 0.5, 53.2079)
polygons = [PackedInt32Array(3, 2, 0), PackedInt32Array(0, 2, 1), PackedInt32Array(7, 6, 4), PackedInt32Array(4, 6, 5), PackedInt32Array(11, 10, 8), PackedInt32Array(8, 10, 9), PackedInt32Array(15, 14, 12), PackedInt32Array(12, 14, 13)]

[sub_resource type="BoxMesh" id="BoxMesh_s2reh"]
size = Vector3(7, 1, 7)

[sub_resource type="StandardMaterial3D" id="StandardMaterial3D_k73hu"]
resource_local_to_scene = true
albedo_color = Color(0.72, 0.072, 0, 1)

[sub_resource type="StandardMaterial3D" id="StandardMaterial3D_utqp5"]
albedo_color = Color(0.72, 0.072, 0, 1)

[sub_resource type="StandardMaterial3D" id="StandardMaterial3D_s76rb"]
resource_local_to_scene = true
albedo_color = Color(0.19, 0.19, 1, 1)

[sub_resource type="StandardMaterial3D" id="StandardMaterial3D_5m8ep"]
albedo_color = Color(0.19, 0.19, 1, 1)

[node name="Game" type="Node3D"]
script = ExtResource("1_2w1u3")
pnj_number = 30

[node name="SplitScreenControl" type="Control" parent="."]
layout_mode = 3
anchors_preset = 15
anchor_right = 1.0
anchor_bottom = 1.0
grow_horizontal = 2
grow_vertical = 2
size_flags_horizontal = 3
size_flags_vertical = 3

[node name="HBoxContainer" type="HBoxContainer" parent="SplitScreenControl"]
layout_mode = 1
anchors_preset = 15
anchor_right = 1.0
anchor_bottom = 1.0
grow_horizontal = 2
grow_vertical = 2

[node name="SubViewportContainer" type="SubViewportContainer" parent="SplitScreenControl/HBoxContainer"]
layout_mode = 2
size_flags_horizontal = 6
size_flags_vertical = 6

[node name="SubViewport" type="SubViewport" parent="SplitScreenControl/HBoxContainer/SubViewportContainer"]
handle_input_locally = false
size = Vector2i(960, 1080)
render_target_update_mode = 4

[node name="SubViewportContainer2" type="SubViewportContainer" parent="SplitScreenControl/HBoxContainer"]
layout_mode = 2
size_flags_horizontal = 6
size_flags_vertical = 6

[node name="SubViewport" type="SubViewport" parent="SplitScreenControl/HBoxContainer/SubViewportContainer2"]
handle_input_locally = false
size = Vector2i(960, 1080)
render_target_update_mode = 4

[node name="MainHUD" type="CanvasLayer" parent="."]
script = ExtResource("4_xq8bf")

[node name="CountdownLabel" type="Label" parent="MainHUD"]
visible = false
anchors_preset = 8
anchor_left = 0.5
anchor_top = 0.5
anchor_right = 0.5
anchor_bottom = 0.5
offset_left = -20.0
offset_top = -11.5
offset_right = 20.0
offset_bottom = 11.5
grow_horizontal = 2
grow_vertical = 2
theme_override_font_sizes/font_size = 256
text = "3"

[node name="Countdown" type="Timer" parent="MainHUD"]

[node name="ReplayContainer" type="VBoxContainer" parent="MainHUD"]
visible = false
anchors_preset = 8
anchor_left = 0.5
anchor_top = 0.5
anchor_right = 0.5
anchor_bottom = 0.5
offset_left = -485.0
offset_top = -379.0
offset_right = 485.0
offset_bottom = 379.0
grow_horizontal = 2
grow_vertical = 2
size_flags_horizontal = 6
size_flags_vertical = 6

[node name="VictoriousJoe" type="Label" parent="MainHUD/ReplayContainer"]
layout_mode = 2
size_flags_horizontal = 4
theme_override_font_sizes/font_size = 96
text = "Joe Anderson gagne !"
horizontal_alignment = 1
vertical_alignment = 1

[node name="RejouerButton" type="TextureButton" parent="MainHUD/ReplayContainer"]
layout_mode = 2
size_flags_horizontal = 4
size_flags_vertical = 4
focus_neighbor_bottom = NodePath("../QuitterButton")
texture_normal = ExtResource("6_d1610")
texture_hover = ExtResource("7_ykf1x")
texture_focused = ExtResource("7_ykf1x")

[node name="QuitterButton" type="TextureButton" parent="MainHUD/ReplayContainer"]
layout_mode = 2
size_flags_horizontal = 4
size_flags_vertical = 4
focus_neighbor_top = NodePath("../RejouerButton")
texture_normal = ExtResource("8_dr3a3")
texture_hover = ExtResource("9_x5lbw")
texture_focused = ExtResource("9_x5lbw")

[node name="DirectionalLight3D" type="DirectionalLight3D" parent="."]
transform = Transform3D(-4.37114e-08, 0.866025, -0.5, 0, 0.5, 0.866025, 1, 3.78552e-08, -2.18557e-08, 8.5, 10, 2)

[node name="WorldEnvironment" type="WorldEnvironment" parent="."]
environment = SubResource("Environment_lfnns")

[node name="Environment" type="Node3D" parent="."]

[node name="Ground" type="CSGBox3D" parent="Environment"]
transform = Transform3D(1, 0, 0, 0, 1, 0, 0, 0, 1, 0, -0.5, 0)
size = Vector3(200, 1, 200)
material = SubResource("StandardMaterial3D_x7gtf")

[node name="Buildings" type="Node3D" parent="Environment"]

[node name="Saloon angle_V3" parent="Environment/Buildings" instance=ExtResource("6_mgv3q")]
transform = Transform3D(-1, 0, -8.74228e-08, 0, 1, 0, 8.74228e-08, 0, -1, 4, 0, 3)

[node name="Saloon angle_V6" parent="Environment/Buildings" instance=ExtResource("6_mgv3q")]
transform = Transform3D(-1, 0, -8.74228e-08, 0, 1, 0, 8.74228e-08, 0, -1, 51.6314, -3.8147e-06, -20.4061)

[node name="Saloon angle_V4" parent="Environment/Buildings" instance=ExtResource("6_mgv3q")]
transform = Transform3D(1, 0, 1.74846e-07, 0, 1, 0, -1.74846e-07, 0, 1, -4, 0, -4)

[node name="Saloon angle_V7" parent="Environment/Buildings" instance=ExtResource("6_mgv3q")]
transform = Transform3D(1, 0, 1.74846e-07, 0, 1, 0, -1.74846e-07, 0, 1, -50.7967, 0, 21.3114)

[node name="Saloon angle_V5" parent="Environment/Buildings" instance=ExtResource("6_mgv3q")]
transform = Transform3D(1, 0, 1.74846e-07, 0, 1, 0, -1.74846e-07, 0, 1, 22.9335, 0, -51.2281)

[node name="Sheriff angle_V3" parent="Environment/Buildings" instance=ExtResource("7_ikmb5")]
transform = Transform3D(-4.37114e-08, 0, 1, 0, 1, 0, -1, 0, -4.37114e-08, -3, 0, 3)

[node name="Sheriff angle_V5" parent="Environment/Buildings" instance=ExtResource("7_ikmb5")]
transform = Transform3D(-4.37114e-08, 0, 1, 0, 1, 0, -1, 0, -4.37114e-08, 21.9426, 0, 51.5772)

[node name="Sheriff angle_V4" parent="Environment/Buildings" instance=ExtResource("7_ikmb5")]
transform = Transform3D(-4.37114e-08, 0, -1, 0, 1, 0, 1, 0, -4.37114e-08, 2.95172, 0, -2.74842)

[node name="Props" type="Node3D" parent="Environment"]

[node name="Baril5" parent="Environment/Props" instance=ExtResource("8_weuv8")]
transform = Transform3D(1, 0, 0, 0, 1, 0, 0, 0, 1, 13.9496, -2.38419e-07, -0.306817)

[node name="Baril4" parent="Environment/Props" instance=ExtResource("8_weuv8")]
transform = Transform3D(1, 0, 0, 0, 1, 0, 0, 0, 1, 13.3989, 0, 1.88487)

[node name="Baril3" parent="Environment/Props" instance=ExtResource("8_weuv8")]
transform = Transform3D(1, 0, 0, 0, 1, 0, 0, 0, 1, 13.4044, 0, -2.58542)

[node name="Baril19" parent="Environment/Props" instance=ExtResource("8_weuv8")]
transform = Transform3D(1, 0, 0, 0, 1, 0, 0, 0, 1, 7.93593, 0, -3.46737)

[node name="Baril9" parent="Environment/Props" instance=ExtResource("8_weuv8")]
transform = Transform3D(-0.00762706, 0, 0.999971, 0, 1, 0, -0.999971, 0, -0.00762706, 0.68341, -7.15256e-07, -13.887)

[node name="Baril10" parent="Environment/Props" instance=ExtResource("8_weuv8")]
transform = Transform3D(-0.00762706, 0, 0.999971, 0, 1, 0, -0.999971, 0, -0.00762706, 2.87923, -4.76837e-07, -13.353)

[node name="Baril11" parent="Environment/Props" instance=ExtResource("8_weuv8")]
transform = Transform3D(-0.00762706, 0, 0.999971, 0, 1, 0, -0.999971, 0, -0.00762706, -1.59096, -4.76837e-07, -13.3244)

[node name="Baril12" parent="Environment/Props" instance=ExtResource("8_weuv8")]
transform = Transform3D(-0.992901, 0, 0.118941, 0, 1, 0, -0.118941, 0, -0.992901, -12.9927, -1.19209e-06, 0.361599)

[node name="Baril13" parent="Environment/Props" instance=ExtResource("8_weuv8")]
transform = Transform3D(-0.992901, 0, 0.118941, 0, 1, 0, -0.118941, 0, -0.992901, -12.1852, -9.53674e-07, -1.74902)

[node name="Baril15" parent="Environment/Props" instance=ExtResource("8_weuv8")]
transform = Transform3D(-0.992901, 0, 0.118941, 0, 1, 0, -0.118941, 0, -0.992901, -9.97297, 0.466726, -4.93377)

[node name="Baril14" parent="Environment/Props" instance=ExtResource("8_weuv8")]
transform = Transform3D(-0.992901, 0, 0.118941, 0, 1, 0, -0.118941, 0, -0.992901, -12.7224, -9.53674e-07, 2.68887)

[node name="Baril6" parent="Environment/Props" instance=ExtResource("8_weuv8")]
transform = Transform3D(-4.37114e-08, 0, -1, 0, 1, 0, 1, 0, -4.37114e-08, -0.388607, -2.38419e-07, 13.9294)

[node name="Baril7" parent="Environment/Props" instance=ExtResource("8_weuv8")]
transform = Transform3D(-4.37114e-08, 0, -1, 0, 1, 0, 1, 0, -4.37114e-08, -2.58029, 0, 13.3786)

[node name="Baril8" parent="Environment/Props" instance=ExtResource("8_weuv8")]
transform = Transform3D(-4.37114e-08, 0, -1, 0, 1, 0, 1, 0, -4.37114e-08, 1.88999, 0, 13.3841)

[node name="Baril16" parent="Environment/Props" instance=ExtResource("8_weuv8")]
transform = Transform3D(-4.37114e-08, 0, -1, 0, 1, 0, 1, 0, -4.37114e-08, 5.16108, 0.446166, 8.53599)

[node name="Baril17" parent="Environment/Props" instance=ExtResource("8_weuv8")]
transform = Transform3D(-4.37114e-08, 0, -1, 0, 1, 0, 1, 0, -4.37114e-08, 9.79377, 0.446166, 4.05568)

[node name="Baril18" parent="Environment/Props" instance=ExtResource("8_weuv8")]
transform = Transform3D(-4.37114e-08, 0, -1, 0, 1, 0, 1, 0, -4.37114e-08, 8.49163, 0.446166, 4.0411)

[node name="Citerne" parent="Environment/Props" instance=ExtResource("9_0klpp")]
transform = Transform3D(1, 0, 0, 0, 1, 0, 0, 0, 1, 47.5102, 0, -2.72589)

[node name="Citerne3" parent="Environment/Props" instance=ExtResource("9_0klpp")]
transform = Transform3D(1, 0, 0, 0, 1, 0, 0, 0, 1, -48.3917, 0, 2.45746)

[node name="Citerne4" parent="Environment/Props" instance=ExtResource("9_0klpp")]
transform = Transform3D(1, 0, 0, 0, 1, 0, 0, 0, 1, -2.74868, 0, -46.1326)

[node name="Citerne2" parent="Environment/Props" instance=ExtResource("9_0klpp")]
transform = Transform3D(1, 0, 0, 0, 1, 0, 0, 0, 1, -3.2628, -1.90735e-06, 46)

[node name="Banc" parent="Environment/Props" instance=ExtResource("10_5km4y")]
transform = Transform3D(-4.37114e-08, 0, 1, 0, 1, 0, -1, 0, -4.37114e-08, -5.03958, -0.110621, -9.55046)

[node name="Banc2" parent="Environment/Props" instance=ExtResource("10_5km4y")]
transform = Transform3D(-4.37114e-08, 0, 1, 0, 1, 0, -1, 0, -4.37114e-08, -5.03958, -0.110621, -12.5253)

[node name="Banc3" parent="Environment/Props" instance=ExtResource("10_5km4y")]
transform = Transform3D(-4.37114e-08, 0, 1, 0, 1, 0, -1, 0, -4.37114e-08, -4.19222, -0.474455, 11.266)

[node name="Banc4" parent="Environment/Props" instance=ExtResource("10_5km4y")]
transform = Transform3D(-4.37114e-08, 0, 1, 0, 1, 0, -1, 0, -4.37114e-08, -4.19222, -0.474455, 8.29111)

[node name="Abreuvoir2" parent="Environment/Props" instance=ExtResource("15_rw6rl")]
transform = Transform3D(-4.37114e-08, 0, -1, 0, 1, 0, 1, 0, -4.37114e-08, 3.54266, 0, 6.91818)

[node name="Abreuvoir3" parent="Environment/Props" instance=ExtResource("15_rw6rl")]
transform = Transform3D(-1, 0, 2.98023e-08, 0, 1, 0, -2.98023e-08, 0, -1, -7.81114, -2.38419e-07, -3.27807)

[node name="Abreuvoir4" parent="Environment/Props" instance=ExtResource("15_rw6rl")]
transform = Transform3D(-1, 0, 2.98023e-08, 0, 1, 0, -2.98023e-08, 0, -1, -10.3497, -2.38419e-07, -3.27807)

[node name="Cactus big" parent="Environment/Props" instance=ExtResource("16_ss12r")]
transform = Transform3D(0.582676, 0, -0.812704, 0, 1, 0, 0.812704, 0, 0.582676, 2.47539, 0, -8.02672)

[node name="Cactus big4" parent="Environment/Props" instance=ExtResource("16_ss12r")]
transform = Transform3D(0.863721, 0, 0.50397, 0, 1, 0, -0.50397, 0, 0.863721, -2.32119, 0, -24.3966)

[node name="Cactus big5" parent="Environment/Props" instance=ExtResource("16_ss12r")]
transform = Transform3D(0.962536, 0, 0.271155, 0, 1, 0, -0.271155, 0, 0.962536, 1.61765, 0, -21.2628)

[node name="Cactus big14" parent="Environment/Props" instance=ExtResource("16_ss12r")]
transform = Transform3D(0.872291, 0, 0.488987, 0, 1, 0, -0.488987, 0, 0.872291, -3.12961, 0, -12.762)

[node name="Cactus big6" parent="Environment/Props" instance=ExtResource("16_ss12r")]
transform = Transform3D(0.885685, 0, 0.464286, 0, 1, 0, -0.464286, 0, 0.885685, 19.1569, 0, 1.77016)

[node name="Cactus big2" parent="Environment/Props" instance=ExtResource("16_ss12r")]
transform = Transform3D(-0.211222, 0, -0.977438, 0, 1, 0, 0.977438, 0, -0.211222, 7.47532, -2.38419e-07, 1.63124)

[node name="Cactus big7" parent="Environment/Props" instance=ExtResource("16_ss12r")]
transform = Transform3D(0.968012, 0, -0.250904, 0, 1, 0, 0.250904, 0, 0.968012, -2.99964, 0, 7.10951)

[node name="Cactus big8" parent="Environment/Props" instance=ExtResource("16_ss12r")]
transform = Transform3D(0.994373, 0, 0.105934, 0, 1, 0, -0.105934, 0, 0.994373, 2.63914, 0, 15.5144)

[node name="Cactus big9" parent="Environment/Props" instance=ExtResource("16_ss12r")]
transform = Transform3D(0.711474, 0, -0.702712, 0, 1, 0, 0.702712, 0, 0.711474, -2.0147, 0, 18.297)

[node name="Cactus big10" parent="Environment/Props" instance=ExtResource("16_ss12r")]
transform = Transform3D(0.86838, 0, 0.495898, 0, 1, 0, -0.495898, 0, 0.86838, 1.87408, 0, 24.1679)

[node name="Cactus big11" parent="Environment/Props" instance=ExtResource("16_ss12r")]
transform = Transform3D(0.899291, 0, -0.437351, 0, 1, 0, 0.437351, 0, 0.899291, -15.6158, -4.76837e-07, 1.99633)

[node name="Cactus big12" parent="Environment/Props" instance=ExtResource("16_ss12r")]
transform = Transform3D(-0.469626, 0, -0.882866, 0, 1, 0, 0.882866, 0, -0.469626, -21.3487, -4.76837e-07, -3.54034)

[node name="Cactus big13" parent="Environment/Props" instance=ExtResource("16_ss12r")]
transform = Transform3D(0.217274, 0, -0.97611, 0, 1, 0, 0.97611, 0, 0.217274, -30.5336, -4.76837e-07, 1.4182)

[node name="Cactus big3" parent="Environment/Props" instance=ExtResource("16_ss12r")]
transform = Transform3D(0.289165, 0, -0.957279, 0, 1, 0, 0.957279, 0, 0.289165, 24.9801, 0, -1.4149)

[node name="Lampadaire" parent="Environment/Props" instance=ExtResource("17_qg6bh")]
transform = Transform3D(0.909766, 0, 0.415122, 0, 1, 0, -0.415122, 0, 0.909766, 3.9915, 0, -6.20966)

[node name="Lampadaire10" parent="Environment/Props" instance=ExtResource("17_qg6bh")]
transform = Transform3D(0.909766, 0, 0.415122, 0, 1, 0, -0.415122, 0, 0.909766, -4.34108, 4.76837e-07, -17.4757)

[node name="Lampadaire11" parent="Environment/Props" instance=ExtResource("17_qg6bh")]
transform = Transform3D(0.909766, 0, 0.415122, 0, 1, 0, -0.415122, 0, 0.909766, -4.34073, 4.76837e-07, -21.3052)

[node name="Lampadaire2" parent="Environment/Props" instance=ExtResource("17_qg6bh")]
transform = Transform3D(0.708291, 0, 0.705921, 0, 1, 0, -0.705921, 0, 0.708291, 6.25956, 0, -3.85843)

[node name="Lampadaire3" parent="Environment/Props" instance=ExtResource("17_qg6bh")]
transform = Transform3D(0.708291, 0, 0.705921, 0, 1, 0, -0.705921, 0, 0.708291, 3.71445, 0, 15.891)

[node name="Lampadaire4" parent="Environment/Props" instance=ExtResource("17_qg6bh")]
transform = Transform3D(0.708291, 0, 0.705921, 0, 1, 0, -0.705921, 0, 0.708291, 3.77156, 0, 20.5794)

[node name="Lampadaire5" parent="Environment/Props" instance=ExtResource("17_qg6bh")]
transform = Transform3D(0.708291, 0, 0.705921, 0, 1, 0, -0.705921, 0, 0.708291, 16.4757, 0, -3.15549)

[node name="Lampadaire6" parent="Environment/Props" instance=ExtResource("17_qg6bh")]
transform = Transform3D(0.708291, 0, 0.705921, 0, 1, 0, -0.705921, 0, 0.708291, 20.2564, 0, -3.18321)

[node name="Lampadaire7" parent="Environment/Props" instance=ExtResource("17_qg6bh")]
transform = Transform3D(0.708291, 0, 0.705921, 0, 1, 0, -0.705921, 0, 0.708291, -16.6611, 1.19209e-07, 3.47745)

[node name="Lampadaire8" parent="Environment/Props" instance=ExtResource("17_qg6bh")]
transform = Transform3D(0.708291, 0, 0.705921, 0, 1, 0, -0.705921, 0, 0.708291, -19.9788, 1.19209e-07, 3.37556)

[node name="Lampadaire9" parent="Environment/Props" instance=ExtResource("17_qg6bh")]
transform = Transform3D(0.708291, 0, 0.705921, 0, 1, 0, -0.705921, 0, 0.708291, -7.61508, -1.19209e-07, 4.07554)

[node name="Collision" type="Node3D" parent="Environment"]

[node name="MurBuildings" type="StaticBody3D" parent="Environment/Collision"]
collision_layer = 4
collision_mask = 0

[node name="CollisionShape3D" type="CollisionShape3D" parent="Environment/Collision/MurBuildings"]
transform = Transform3D(1, 0, 0, 0, 1, 0, 0, 0, 1, -10.0657, 2.76703, -4.67717)
shape = SubResource("BoxShape3D_jai36")

[node name="CollisionShape3D2" type="CollisionShape3D" parent="Environment/Collision/MurBuildings"]
transform = Transform3D(0, 0, -1, 0, 1, 0, 1, 0, 0, -4.72257, 2.76703, -10.043)
shape = SubResource("BoxShape3D_jai36")

[node name="CollisionShape3D3" type="CollisionShape3D" parent="Environment/Collision/MurBuildings"]
transform = Transform3D(0, 0, -1, 0, 1, 0, 1, 0, 0, 5.15595, 2.76703, -10.2973)
shape = SubResource("BoxShape3D_jai36")

[node name="CollisionShape3D4" type="CollisionShape3D" parent="Environment/Collision/MurBuildings"]
transform = Transform3D(-1, 0, 5.96046e-08, 0, 1, 0, -5.96046e-08, 0, -1, 10.4316, 2.76703, -4.99789)
shape = SubResource("BoxShape3D_jai36")

[node name="CollisionShape3D5" type="CollisionShape3D" parent="Environment/Collision/MurBuildings"]
transform = Transform3D(-1, 0, 5.96046e-08, 0, 1, 0, -5.96046e-08, 0, -1, 10.029, 2.76703, 3.67421)
shape = SubResource("BoxShape3D_jai36")

[node name="CollisionShape3D6" type="CollisionShape3D" parent="Environment/Collision/MurBuildings"]
transform = Transform3D(1.03316e-07, 0, 1, 0, 1, 0, -1, 0, 1.03316e-07, 4.74022, 2.76703, 9.00515)
shape = SubResource("BoxShape3D_jai36")

[node name="CollisionShape3D7" type="CollisionShape3D" parent="Environment/Collision/MurBuildings"]
transform = Transform3D(1.03316e-07, 0, 1, 0, 1, 0, -1, 0, 1.03316e-07, -5.2139, 2.76703, 10.463)
shape = SubResource("BoxShape3D_jai36")

[node name="CollisionShape3D8" type="CollisionShape3D" parent="Environment/Collision/MurBuildings"]
transform = Transform3D(1, 0, -4.47035e-08, 0, 1, 0, 4.47035e-08, 0, 1, -10.5183, 2.76703, 5.26811)
shape = SubResource("BoxShape3D_jai36")

[node name="CollisionShape3D13" type="CollisionShape3D" parent="Environment/Collision/MurBuildings"]
transform = Transform3D(-0.656639, 0, -0.754205, 0, 1, 0, 0.754205, 0, -0.656639, -5.08549, 2.75687, -5.00516)
shape = SubResource("BoxShape3D_ilncn")

[node name="CollisionShape3D14" type="CollisionShape3D" parent="Environment/Collision/MurBuildings"]
transform = Transform3D(-0.656639, 0, -0.754205, 0, 1, 0, 0.754205, 0, -0.656639, 5.11284, 2.75687, 4.06458)
shape = SubResource("BoxShape3D_ilncn")

[node name="CollisionShape3D15" type="CollisionShape3D" parent="Environment/Collision/MurBuildings"]
transform = Transform3D(-0.754205, 0, 0.656639, 0, 1, 0, -0.656639, 0, -0.754205, -5.55745, 2.75687, 5.58305)
shape = SubResource("BoxShape3D_ilncn")

[node name="CollisionShape3D16" type="CollisionShape3D" parent="Environment/Collision/MurBuildings"]
transform = Transform3D(-0.754205, 0, 0.656639, 0, 1, 0, -0.656639, 0, -0.754205, 5.52324, 2.75687, -5.31296)
shape = SubResource("BoxShape3D_ilncn")

[node name="MursInvisibles" type="StaticBody3D" parent="Environment/Collision"]
collision_layer = 8
collision_mask = 0

[node name="CollisionShape3D9" type="CollisionShape3D" parent="Environment/Collision/MursInvisibles"]
transform = Transform3D(-8.84149e-08, 0, -1, 0, 1, 0, 1, 0, -8.84149e-08, -12.6415, 2.75687, 0)
shape = SubResource("BoxShape3D_jai36")

[node name="CollisionShape3D10" type="CollisionShape3D" parent="Environment/Collision/MursInvisibles"]
transform = Transform3D(-1, 0, 1.32126e-07, 0, 1, 0, -1.32126e-07, 0, -1, 0.382885, 2.75687, -13.556)
shape = SubResource("BoxShape3D_jai36")

[node name="CollisionShape3D11" type="CollisionShape3D" parent="Environment/Collision/MursInvisibles"]
transform = Transform3D(1.75838e-07, 0, 1, 0, 1, 0, -1, 0, 1.75838e-07, 13.4959, 2.75687, -0.797411)
shape = SubResource("BoxShape3D_jai36")

[node name="CollisionShape3D12" type="CollisionShape3D" parent="Environment/Collision/MursInvisibles"]
transform = Transform3D(1, 0, -2.19549e-07, 0, 1, 0, 2.19549e-07, 0, 1, 0.0727711, 2.75687, 12.9801)
shape = SubResource("BoxShape3D_jai36")

[node name="PNJContainer" type="Node3D" parent="."]

[node name="SideRegion" type="NavigationRegion3D" parent="."]
visible = false
navigation_mesh = SubResource("NavigationMesh_vc7qx")

[node name="MeshInstance3D" type="MeshInstance3D" parent="SideRegion"]
transform = Transform3D(1, 0, 0, 0, 1, 0, 0, 0, 1, 0, -0.5, 28.7825)
mesh = SubResource("BoxMesh_4dexy")

[node name="MeshInstance3D4" type="MeshInstance3D" parent="SideRegion"]
transform = Transform3D(1, 0, 0, 0, 1, 0, 0, 0, 1, 0, -0.5, -28.7027)
mesh = SubResource("BoxMesh_ve356")

[node name="MeshInstance3D2" type="MeshInstance3D" parent="SideRegion"]
transform = Transform3D(-4.37114e-08, 0, 1, 0, 1, 0, -1, 0, -4.37114e-08, 28.716, -0.5, 0)
mesh = SubResource("BoxMesh_r1uqa")

[node name="MeshInstance3D3" type="MeshInstance3D" parent="SideRegion"]
transform = Transform3D(-4.37114e-08, 0, 1, 0, 1, 0, -1, 0, -4.37114e-08, -28.716, -0.5, 0)
mesh = SubResource("BoxMesh_e7t7u")

[node name="CenterRegion" type="NavigationRegion3D" parent="."]
visible = false
navigation_mesh = SubResource("NavigationMesh_xml3w")

[node name="MeshInstance3D" type="MeshInstance3D" parent="CenterRegion"]
transform = Transform3D(1, 0, 0, 0, 1, 0, 0, 0, 1, 0, -0.5, 0)
mesh = SubResource("BoxMesh_phre8")

[node name="OutsideRegion" type="NavigationRegion3D" parent="."]
visible = false
navigation_mesh = SubResource("NavigationMesh_0waf0")

[node name="MeshInstance3D" type="MeshInstance3D" parent="OutsideRegion"]
transform = Transform3D(1, 0, 0, 0, 1, 0, 0, 0, 1, 0, -0.5, 56.3279)
mesh = SubResource("BoxMesh_s2reh")

[node name="MeshInstance3D2" type="MeshInstance3D" parent="OutsideRegion"]
transform = Transform3D(1, 0, 0, 0, 1, 0, 0, 0, 1, -56.2877, -0.5, 0)
mesh = SubResource("BoxMesh_s2reh")

[node name="MeshInstance3D3" type="MeshInstance3D" parent="OutsideRegion"]
transform = Transform3D(1, 0, 0, 0, 1, 0, 0, 0, 1, 56.2914, -0.5, 0)
mesh = SubResource("BoxMesh_s2reh")

[node name="MeshInstance3D4" type="MeshInstance3D" parent="OutsideRegion"]
transform = Transform3D(1, 0, 0, 0, 1, 0, 0, 0, 1, 0, -0.5, -56.2921)
mesh = SubResource("BoxMesh_s2reh")

[node name="VoxelGI" type="VoxelGI" parent="."]
transform = Transform3D(1, 0, 0, 0, 1, 0, 0, 0, 1, 0, 4.25, 0)
visible = false
size = Vector3(119.649, 11.5, 118.403)
data = ExtResource("23_icd5q")

[node name="MultiplayerSpawner2" type="MultiplayerSpawner" parent="."]
_spawnable_scenes = PackedStringArray("res://pnj/pnj_anim.tscn")
spawn_path = NodePath("../PNJContainer")

[node name="Player" parent="." instance=ExtResource("1_5mu6h")]
transform = Transform3D(-4.37114e-08, 0, -1, 0, 1, 0, 1, 0, -4.37114e-08, -5, 0, 0)
color = Color(0.72, 0.072, 0, 1)

[node name="COWBOY_CHEMISE" parent="Player/COWBOY_REPOS/COWBOYYY" index="1"]
surface_material_override/0 = SubResource("StandardMaterial3D_k73hu")

[node name="COWBOY_CHEMISE" parent="Player/COWBOY_DEGAINE" index="0"]
surface_material_override/0 = SubResource("StandardMaterial3D_utqp5")

[node name="Player2" parent="." instance=ExtResource("1_5mu6h")]
transform = Transform3D(2.98023e-08, 0, 1, 0, 1, 0, -1, 0, 2.98023e-08, 5, 0, 0)
player_id = 1
color = Color(0.19, 0.19, 1, 1)

[node name="COWBOY_CHEMISE" parent="Player2/COWBOY_REPOS/COWBOYYY" index="1"]
surface_material_override/0 = SubResource("StandardMaterial3D_s76rb")

[node name="COWBOY_CHEMISE" parent="Player2/COWBOY_DEGAINE" index="0"]
surface_material_override/0 = SubResource("StandardMaterial3D_5m8ep")

[connection signal="timeout" from="MainHUD/Countdown" to="MainHUD" method="_on_countdown_timeout"]
[connection signal="pressed" from="MainHUD/ReplayContainer/RejouerButton" to="MainHUD" method="_on_rejouer_button_pressed"]
[connection signal="pressed" from="MainHUD/ReplayContainer/QuitterButton" to="MainHUD" method="_on_quitter_button_pressed"]

[editable path="Player"]
[editable path="Player/COWBOY_REPOS"]
[editable path="Player/COWBOY_DEGAINE"]
[editable path="Player/CameraRotation/GunPivot/Colt"]
[editable path="Player2"]
[editable path="Player2/COWBOY_REPOS"]
[editable path="Player2/COWBOY_DEGAINE"]
[editable path="Player2/CameraRotation/GunPivot/Colt"]
